(************** Content-type: application/mathematica **************
                     CreatedBy='Mathematica 5.0'

                    Mathematica-Compatible Notebook

This notebook can be used with any Mathematica-compatible
application, such as Mathematica, MathReader or Publicon. The data
for the notebook starts with the line containing stars above.

To get the notebook into a Mathematica-compatible application, do
one of the following:

* Save the data starting with the line of stars above into a file
  with a name ending in .nb, then open the file inside the
  application;

* Copy the data starting with the line of stars above to the
  clipboard, then use the Paste menu command inside the application.

Data for notebooks contains only printable 7-bit ASCII and can be
sent directly in email or through ftp in text mode.  Newlines can be
CR, LF or CRLF (Unix, Macintosh or MS-DOS style).

NOTE: If you modify the data for this notebook not in a Mathematica-
compatible application, you must delete the line below containing
the word CacheID, otherwise Mathematica-compatible applications may
try to use invalid cache data.

For more information on notebooks and Mathematica-compatible 
applications, contact Wolfram Research:
  web: http://www.wolfram.com
  email: info@wolfram.com
  phone: +1-217-398-0700 (U.S.)

Notebook reader applications are available free of charge from 
Wolfram Research.
*******************************************************************)

(*CacheID: 232*)


(*NotebookFileLineBreakTest
NotebookFileLineBreakTest*)
(*NotebookOptionsPosition[     51604,       1168]*)
(*NotebookOutlinePosition[     52248,       1190]*)
(*  CellTagsIndexPosition[     52204,       1186]*)
(*WindowFrame->Normal*)



Notebook[{
Cell[BoxData[{
    \("\<\:4e09\:89d2\:5f62\:5355\:5143\:7684\:4f4d\:79fb\:51fd\:6570\>"\), "\
\[IndentingNewLine]", 
    \(u = \[Beta]1 + \[Beta]2\[Times]x + \[Beta]3\[Times]
          y\), "\[IndentingNewLine]", 
    \(v = \[Beta]4 + \[Beta]5\[Times]x + \[Beta]6\[Times]y\)}], "Input"],

Cell[BoxData[{
    \(Solve[{{1, xi, yi}, {1, xj, yj}, {1, xm, 
              ym}} . {\[Beta]1, \[Beta]2, \[Beta]3} \[Equal] {u1, u2, 
          u3}, {\[Beta]1, \[Beta]2, \[Beta]3}]\), "\[IndentingNewLine]", 
    \(Solve[{{1, xi, yi}, {1, xj, yj}, {1, xm, 
              ym}} . {\[Beta]4, \[Beta]5, \[Beta]6} \[Equal] {v1, v2, 
          v3}, {\[Beta]4, \[Beta]5, \[Beta]6}]\)}], "Input"],

Cell[BoxData[{
    \(\[Beta]1 = \(-\(\(u3\ xj\ yi - u2\ xm\ yi - u3\ xi\ yj + u1\ xm\ yj + 
              u2\ xi\ ym - u1\ xj\ ym\)\/\(\(-xj\)\ yi + xm\ yi + xi\ yj - 
              xm\ yj - xi\ ym + xj\ ym\)\)\); \[Beta]2 = \(-\(\(u2\ yi - 
              u3\ yi - u1\ yj + u3\ yj + u1\ ym - u2\ ym\)\/\(\(-xj\)\ yi + 
              xm\ yi + xi\ yj - xm\ yj - xi\ ym + 
              xj\ ym\)\)\);\), "\[IndentingNewLine]", 
    \(\(\[Beta]3 = \(-\(\(\(-u2\)\ xi + u3\ xi + u1\ xj - u3\ xj - u1\ xm + 
                u2\ xm\)\/\(\(-xj\)\ yi + xm\ yi + xi\ yj - xm\ yj - xi\ ym + 
                xj\ ym\)\)\);\)\), "\[IndentingNewLine]", 
    \(\[Beta]4 = \(-\(\(v3\ xj\ yi - v2\ xm\ yi - v3\ xi\ yj + v1\ xm\ yj + 
              v2\ xi\ ym - v1\ xj\ ym\)\/\(\(-xj\)\ yi + xm\ yi + xi\ yj - 
              xm\ yj - xi\ ym + xj\ ym\)\)\); \[Beta]5 = \(-\(\(v2\ yi - 
              v3\ yi - v1\ yj + v3\ yj + v1\ ym - v2\ ym\)\/\(\(-xj\)\ yi + 
              xm\ yi + xi\ yj - xm\ yj - xi\ ym + 
              xj\ ym\)\)\); \[Beta]6 = \(-\(\(\(-v2\)\ xi + v3\ xi + v1\ xj - 
              v3\ xj - v1\ xm + v2\ xm\)\/\(\(-xj\)\ yi + xm\ yi + xi\ yj - 
              xm\ yj - xi\ ym + xj\ ym\)\)\);\)}], "Input"],

Cell[BoxData[{\(Simplify[u];\), "\[IndentingNewLine]", \(Simplify[
        v];\), "\[IndentingNewLine]", 
    RowBox[{
      RowBox[{"Ae", "=", 
        RowBox[{"(", GridBox[{
              {"1", "xi", "yi"},
              {"1", "xj", "yj"},
              {"1", "xm", "ym"}
              }], ")"}]}], ";"}], "\[IndentingNewLine]", \(A = 
      Det[Ae]\)}], "Input"],

Cell[BoxData[{
    \(ai = xj\ ym - xm\ yj; bi = yj - ym; 
    ci = xm - xj;\), "\[IndentingNewLine]", 
    \(aj = xm\ yi - xi\ ym; bj = ym - yi; 
    cj = xi - xm;\), "\[IndentingNewLine]", 
    \(am = xi\ yj - xj\ yi; bm = yi - yj; cm = xj - xi;\)}], "Input"],

Cell[BoxData[
    \(i[x_, y_] = \(ai + bi\ x + ci\ y\)\/\(2\ A\); 
    Nj[x_, y_] = \(aj + bj\ x + cj\ y\)\/\(2\ A\); 
    Nm[x_, y_] = \(am + bm\ x + cm\ y\)\/\(2\ A\);\)], "Input"],

Cell[BoxData[{
    RowBox[{
      RowBox[{"Ne", "=", 
        RowBox[{"(", GridBox[{
              {\(Ni[x, y]\), "0", \(Nj[x, y]\), "0", \(Nm[x, y]\), "0"},
              {"0", \(Ni[x, y]\), "0", \(Nj[x, y]\), "0", \(Nm[x, y]\)}
              }], ")"}]}], ";"}], "\[IndentingNewLine]", 
    RowBox[{"\[Delta]e", "=", 
      RowBox[{"(", GridBox[{
            {"ui"},
            {"vi"},
            {"uj"},
            {"vj"},
            {"um"},
            {"vm"}
            }], ")"}]}], "\[IndentingNewLine]", \(r = \(1\/\(2\ A\)\) 
        Ne . \[Delta]e\)}], "Input"],

Cell[BoxData[{\(u[x_, y_] = 
      r[\([1, 1]\)]\), "\[IndentingNewLine]", \(v[x_, y_] = 
      r[\([2, 1]\)]\), "\[IndentingNewLine]", 
    RowBox[{"\[Epsilon]e", "=", 
      RowBox[{"(", GridBox[{
            {\(\[PartialD]\_x\ u[x, y]\)},
            {\(\[PartialD]\_y\ v[x, y]\)},
            {\(\[PartialD]\_y\ u[x, y] + \[PartialD]\_x\ v[x, y]\)}
            }], ")"}]}]}], "Input"],

Cell[BoxData[{
    RowBox[{
      RowBox[{"Be", "=", 
        RowBox[{\(1\/\(2\[Times]A\)\), 
          RowBox[{"(", GridBox[{
                {"bi", "0", "bj", "0", "bm", "0"},
                {"0", "ci", "0", "cj", "0", "cm"},
                {"ci", "bi", "cj", "bj", "cm", "bm"}
                }], ")"}]}]}], ";"}], "\[IndentingNewLine]", 
    RowBox[{
      RowBox[{"De", "=", 
        RowBox[{\(Ee\/\(1 - \[Mu]\^2\)\), 
          RowBox[{"(", GridBox[{
                {"1", "\[Mu]", "0"},
                {"\[Mu]", "1", "0"},
                {"0", "0", \(\(1 - \[Mu]\)\/2\)}
                }], ")"}]}]}], 
      ";"}], "\[IndentingNewLine]", \(Se = 
        De . Be;\), "\[IndentingNewLine]", \(ke = 
      Simplify[MatrixForm[Transpose[Be] . De . Be]]\)}], "Input"],

Cell[BoxData[
    \(\(For[i = 1; t = x, i^2 < 10, \(i++\), t = t^2 + i; 
        Print[t]];\)\)], "Input"],

Cell[BoxData[
    \(jm = Table[{0, 0, 0}, {i, 3}]\)], "Input"],

Cell[CellGroupData[{

Cell[BoxData[
    \(\(\(\[IndentingNewLine]\)\(\[IndentingNewLine]\)\(\("\<-----------------\
----------
\:5e73\:9762\:5e94\:529b\:6709\:9650\:5355\:5143\:6cd5\:8ba1\:7b97\:7a0b\:5e8f\
v1.0
       \:4f5c\:8005:\:5370\:957f\:4fca
      2008\:5e7411\:670830\:65e5
  \:6e58\:6f6d\:5927\:5b66\:571f\:6728\:5de5\:7a0b\:4e0e\:529b\:5b66\:5b66\
\:9662
----------------------------\>"\)\(\[IndentingNewLine]\)\(\[IndentingNewLine]\
\)
    \)\)\)], "Input"],

Cell[BoxData[
    \("--------------------------- \:5e73\:9762\:5e94\:529b\:6709\:9650\:5355\
\:5143\:6cd5\:8ba1\:7b97\:7a0b\:5e8fv1.0        \:4f5c\:8005:\:5370\:957f\
\:4fca       2008\:5e7411\:670830\:65e5   \
\:6e58\:6f6d\:5927\:5b66\:571f\:6728\:5de5\:7a0b\:4e0e\:529b\:5b66\:5b66\:9662\
 ----------------------------"\)], "Output"]
}, Open  ]],

Cell[CellGroupData[{

Cell[BoxData[{
    \("\<\:5355\:5143\:8282\:70b9\:7f16\:53f7\:6570\:7ec4\>"\), "\
\[IndentingNewLine]", 
    \(je = 
      ReadList["\<D:\je.lis\>", 
        Table[Number, {3}]]\), "\[IndentingNewLine]", 
    \("\<\:8282\:70b9\:5750\:6807\:6570\:7ec4\>"\), "\[IndentingNewLine]", 
    \(zb = 
      ReadList["\<D:\zb.lis\>", 
        Table[Number, {2}]]\), "\[IndentingNewLine]", 
    \(zb[\([je[\([1, 1]\)], 1]\)]\)}], "Input"],

Cell[BoxData[
    \("\:5355\:5143\:8282\:70b9\:7f16\:53f7\:6570\:7ec4"\)], "Output"],

Cell[BoxData[
    \({{7, 2, 5}, {7, 4, 2}, {8, 4, 7}, {8, 3, 4}, {6, 3, 8}, {6, 1, 
        3}}\)], "Output"],

Cell[BoxData[
    \("\:8282\:70b9\:5750\:6807\:6570\:7ec4"\)], "Output"],

Cell[BoxData[
    \({{0.`, 0.`}, {9.`, 0.`}, {3.`, 0.`}, {6.`, 0.`}, {9.`, 3.`}, {0.`, 
        3.`}, {6.`, 3.`}, {3.`, 3.`}}\)], "Output"],

Cell[BoxData[
    \(6.`\)], "Output"]
}, Open  ]],

Cell[CellGroupData[{

Cell[BoxData[{
    \("\<\:5efa\:7acb\:5b58\:50a8\:5355\:5143\:4fe1\:606f\:7684\:5411\:91cf\>\
"\), "\[IndentingNewLine]", 
    \(\(x = Table[0, {i, 3}];\)\), "\[IndentingNewLine]", 
    \(\(y = Table[0, {i, 3}];\)\), "\[IndentingNewLine]", 
    \(\(a = Table[0, {i, 3}];\)\), "\[IndentingNewLine]", 
    \(\(b = Table[0, {i, 3}];\)\), "\[IndentingNewLine]", 
    \(\(c = Table[0, {i, 3}];\)\), "\[IndentingNewLine]", 
    \("\<\:5efa\:7acb\:603b\:4f53\:521a\:5ea6\:77e9\:9635\>"\), "\
\[IndentingNewLine]", 
    \(\(Kz = Table[0, {i, 16}, {j, 16}];\)\)}], "Input"],

Cell[BoxData[
    \("\:5efa\:7acb\:5b58\:50a8\:5355\:5143\:4fe1\:606f\:7684\:5411\:91cf"\)],\
 "Output"],

Cell[BoxData[
    \("\:5efa\:7acb\:603b\:4f53\:521a\:5ea6\:77e9\:9635"\)], "Output"]
}, Open  ]],

Cell[CellGroupData[{

Cell[BoxData[{
    \("\<\:8f93\:5165\:6750\:6599\:53c2\:6570\>"\), "\[IndentingNewLine]", 
    \(\(Ee = 2\[Times]10\^10;\)\), "\[IndentingNewLine]", 
    \(\(\[Mu] = 0.167;\)\)}], "Input"],

Cell[BoxData[
    \("\:8f93\:5165\:6750\:6599\:53c2\:6570"\)], "Output"]
}, Open  ]],

Cell[CellGroupData[{

Cell[BoxData[{
  "\"\<\:8ba1\:7b97\:5f39\:6027\:77e9\:9635\>\"", "\[IndentingNewLine]", 
    RowBox[{
      RowBox[{"De", "=", 
        RowBox[{\(Ee\/\(1 - \[Mu]\^2\)\), 
          RowBox[{"(", GridBox[{
                {"1", "\[Mu]", "0"},
                {"\[Mu]", "1", "0"},
                {"0", "0", \(\(1 - \[Mu]\)\/2\)}
                }], ")"}]}]}], 
      ";", \(Print[MatrixForm[De]]\)}], "\[IndentingNewLine]", 
  "\"\<\:8ba1\:7b97\:5355\:5143\:521a\:5ea6\:77e9\:9635\:548c\:7ec4\:88c5\
\:6574\:4f53\:521a\:5ea6\:77e9\:9635\>\"", "\[IndentingNewLine]", 
    RowBox[{"For", "[", 
      RowBox[{\(i = 1\), ",", \(i \[LessEqual] 6\), ",", \(i++\), ",", 
        "\[IndentingNewLine]", 
        RowBox[{\(For[ii = 1, 
            ii \[LessEqual] 3, \(ii++\), \[IndentingNewLine]xii = 
              zb[\([je[\([i, ii]\)], 1]\)]; \[IndentingNewLine]x = 
              ReplacePart[x, xii, ii]; \[IndentingNewLine]yii = 
              zb[\([je[\([i, ii]\)], 2]\)]; \[IndentingNewLine]y = 
              ReplacePart[y, yii, ii]]\), ";", "\[IndentingNewLine]", 
          RowBox[{"Ae", "=", 
            RowBox[{\(1\/2\), 
              RowBox[{"Det", "[", 
                RowBox[{"(", GridBox[{
                      {"1", \(x[\([1]\)]\), \(y[\([1]\)]\)},
                      {"1", \(x[\([2]\)]\), \(y[\([2]\)]\)},
                      {"1", \(x[\([3]\)]\), \(y[\([3]\)]\)}
                      }], ")"}], "]"}]}]}], ";", 
          "\[IndentingNewLine]", \(Print[x, "\<  \>", y, "\<  \>", Ae]\), ";",
           "\[IndentingNewLine]", \(a = 
            ReplacePart[a, 
              x[\([2]\)]\[Times]y[\([3]\)] - x[\([3]\)]\[Times]y[\([2]\)], 
              1]\), ";", 
          "\[IndentingNewLine]", \(a = 
            ReplacePart[a, 
              x[\([3]\)]\[Times]y[\([1]\)] - x[\([1]\)]\[Times]y[\([3]\)], 
              2]\), ";", 
          "\[IndentingNewLine]", \(a = 
            ReplacePart[a, 
              x[\([1]\)]\[Times]y[\([2]\)] - x[\([2]\)]\[Times]y[\([1]\)], 
              3]\), ";", 
          "\[IndentingNewLine]", \(b = 
            ReplacePart[b, y[\([2]\)] - y[\([3]\)], 1]\), ";", 
          "\[IndentingNewLine]", \(b = 
            ReplacePart[b, y[\([3]\)] - y[\([1]\)], 2]\), ";", 
          "\[IndentingNewLine]", \(b = 
            ReplacePart[b, y[\([1]\)] - y[\([2]\)], 3]\), ";", 
          "\[IndentingNewLine]", \(c = 
            ReplacePart[c, x[\([3]\)] - x[\([2]\)], 1]\), ";", 
          "\[IndentingNewLine]", \(c = 
            ReplacePart[c, x[\([1]\)] - x[\([3]\)], 2]\), ";", 
          "\[IndentingNewLine]", \(c = 
            ReplacePart[c, x[\([2]\)] - x[\([1]\)], 3]\), ";", 
          "\[IndentingNewLine]", \(Print[a, "\<  \>", b, "\<  \>", c]\), ";", 
          "\[IndentingNewLine]", 
          "\"\<\:8ba1\:7b97\:5355\:5143\:7684\:5e94\:53d8\:77e9\:9635\>\"", 
          ";", "\[IndentingNewLine]", 
          RowBox[{"Be", "=", 
            RowBox[{"(", GridBox[{
                  {\(b[\([1]\)]\), "0", \(b[\([2]\)]\), "0", \(b[\([3]\)]\), 
                    "0"},
                  {"0", \(c[\([1]\)]\), "0", \(c[\([2]\)]\), 
                    "0", \(c[\([3]\)]\)},
                  {\(c[\([1]\)]\), \(b[\([1]\)]\), \(c[\([2]\)]\), \
\(b[\([2]\)]\), \(c[\([3]\)]\), \(b[\([3]\)]\)}
                  }], ")"}]}], ";", \(Print[MatrixForm[Be]]\), ";", 
          "\[IndentingNewLine]", \(Be = \(1\/\(2\[Times]Ae\)\) Be\), ";", 
          "\[IndentingNewLine]", 
          "\"\<\:8ba1\:7b97\:5355\:5143\:7684\:5e94\:529b\:77e9\:9635\>\"", 
          ";", "\[IndentingNewLine]", \(Se = De . Be\), ";", 
          "\[IndentingNewLine]", 
          "\"\<\:8ba1\:7b97\:5355\:5143\:521a\:5ea6\:77e9\:9635\>\"", ";", 
          "\[IndentingNewLine]", \(ke = Transpose[Be] . De . Be\), 
          ";", \(ke = 1\[Times]Ae\[Times]ke\), 
          ";", \(Print[MatrixForm[ke], "\<  \>", Det[ke]]\), ";", 
          "\[IndentingNewLine]", \(For[nn = 1, 
            nn \[LessEqual] 6, \(nn++\), \[IndentingNewLine]nc = 
              Ceiling[nn\/2]; 
            nmod = Mod[nn, 2]; \[IndentingNewLine]If[nmod \[NotEqual] 0, 
              r = 2\[Times]je[\([i, nc]\)] - 1, 
              r = 2\[Times]je[\([i, nc]\)]]; \[IndentingNewLine]For[mm = 1, 
              mm \[LessEqual] 6, \(mm++\), \[IndentingNewLine]mc = 
                Ceiling[mm\/2]; 
              mmod = Mod[mm, 2]; \[IndentingNewLine]If[mmod \[NotEqual] 0, 
                s = 2\[Times]je[\([i, mc]\)] - 1, 
                s = 2\[Times]je[\([i, 
                        
                        mc]\)]]; \[IndentingNewLine]"\<\:7ec4\:88c5\:6574\
\:4f53\:521a\:5ea6\:77e9\:9635\>"; \[IndentingNewLine]Kz = 
                ReplacePart[Kz, 
                  Kz[\([r, s]\)] + ke[\([nn, mm]\)], {r, 
                    s}]; \[IndentingNewLine]"\<Print[nn,\>"\ "\<,mm,\>"\ \
"\<,nc,\>"\ "\<,nmod,\>"\ "\<,mc,\>"\ "\<,mmod,\>"\ "\<,r,\>"\ "\<,s]\>"]]\), 
          ";", \(Print["\<MatrixForm[Kz]\>", "\<  \>", Det[Kz]]\), ";"}]}], 
      "]"}]}], "Input"],

Cell[BoxData[
    \("\:8ba1\:7b97\:5f39\:6027\:77e9\:9635"\)], "Output"],

Cell[BoxData[
    TagBox[
      RowBox[{"(", "\[NoBreak]", GridBox[{
            {"2.057378221211364`*^10", "3.435821629422978`*^9", "0"},
            {"3.435821629422978`*^9", "2.057378221211364`*^10", "0"},
            {"0", "0", "8.56898029134533`*^9"}
            }], "\[NoBreak]", ")"}],
      Function[ BoxForm`e$, 
        MatrixForm[ BoxForm`e$]]]], "Print"],

Cell[BoxData[
    \("\:8ba1\:7b97\:5355\:5143\:521a\:5ea6\:77e9\:9635\:548c\:7ec4\:88c5\
\:6574\:4f53\:521a\:5ea6\:77e9\:9635"\)], "Output"],

Cell[BoxData[
    RowBox[{\(General::"spell1"\), \(\(:\)\(\ \)\), "\<\"Possible spelling \
error: new symbol name \\\"\\!\\(mmod\\)\\\" is similar to existing symbol \\\
\"\\!\\(nmod\\)\\\". \\!\\(\\*ButtonBox[\\\"More\[Ellipsis]\\\", \
ButtonStyle->\\\"RefGuideLinkText\\\", ButtonFrame->None, \
ButtonData:>\\\"General::spell1\\\"]\\)\"\>"}]], "Message"],

Cell[BoxData[
    InterpretationBox[\({6.`, 9.`, 
          9.`}\[InvisibleSpace]"  "\[InvisibleSpace]{3.`, 0.`, 
          3.`}\[InvisibleSpace]"  "\[InvisibleSpace]4.5`\),
      SequenceForm[ {6.0, 9.0, 9.0}, "  ", {3.0, 0.0, 3.0}, "  ", 4.5],
      Editable->False]], "Print"],

Cell[BoxData[
    InterpretationBox[\({27.`, 
          9.`, \(-27.`\)}\[InvisibleSpace]"  "\[InvisibleSpace]{\(-3.`\), 
          0.`, 3.`}\[InvisibleSpace]"  "\[InvisibleSpace]{0.`, \(-3.`\), 
          3.`}\),
      SequenceForm[ {27.0, 9.0, -27.0}, "  ", {-3.0, 0.0, 3.0}, "  ", {
        0.0, -3.0, 3.0}],
      Editable->False]], "Print"],

Cell[BoxData[
    TagBox[
      RowBox[{"(", "\[NoBreak]", GridBox[{
            {\(-3.`\), "0", "0.`", "0", "3.`", "0"},
            {"0", "0.`", "0", \(-3.`\), "0", "3.`"},
            {"0.`", \(-3.`\), \(-3.`\), "0.`", "3.`", "3.`"}
            }], "\[NoBreak]", ")"}],
      Function[ BoxForm`e$, 
        MatrixForm[ BoxForm`e$]]]], "Print"],

Cell[BoxData[
    InterpretationBox[
      RowBox[{
        TagBox[
          RowBox[{"(", "\[NoBreak]", GridBox[{
                {"1.0286891106056818`*^10", "0.`", "0.`", 
                  "1.7179108147114887`*^9", \(-1.0286891106056818`*^10\), \
\(-1.7179108147114887`*^9\)},
                {"0.`", "4.2844901456726646`*^9", "4.2844901456726646`*^9", 
                  "0.`", \(-4.2844901456726646`*^9\), \
\(-4.2844901456726646`*^9\)},
                {"0.`", "4.2844901456726646`*^9", "4.2844901456726646`*^9", 
                  "0.`", \(-4.2844901456726646`*^9\), \
\(-4.2844901456726646`*^9\)},
                {"1.7179108147114887`*^9", "0.`", "0.`", 
                  "1.0286891106056818`*^10", \(-1.7179108147114887`*^9\), \
\(-1.0286891106056818`*^10\)},
                {\(-1.0286891106056818`*^10\), \(-4.2844901456726646`*^9\), \
\(-4.2844901456726646`*^9\), \(-1.7179108147114887`*^9\), 
                  "1.4571381251729485`*^10", "6.002400960384153`*^9"},
                {\(-1.7179108147114887`*^9\), \(-4.2844901456726646`*^9\), \
\(-4.2844901456726646`*^9\), \(-1.0286891106056818`*^10\), 
                  "6.002400960384153`*^9", "1.4571381251729485`*^10"}
                }], "\[NoBreak]", ")"}],
          Function[ BoxForm`e$, 
            MatrixForm[ BoxForm`e$]]], "\[InvisibleSpace]", "\<\"  \"\>", 
        "\[InvisibleSpace]", "0.`"}],
      SequenceForm[ 
        MatrixForm[ {{10286891106.056818, 0.0, 0.0, 
          1717910814.7114887, -10286891106.056818, -1717910814.7114887}, {0.0,
           4284490145.6726646, 4284490145.6726646, 
          0.0, -4284490145.6726646, -4284490145.6726646}, {0.0, 
          4284490145.6726646, 4284490145.6726646, 
          0.0, -4284490145.6726646, -4284490145.6726646}, {1717910814.7114887,
           0.0, 0.0, 
          10286891106.056818, -1717910814.7114887, -10286891106.056818}, \
{-10286891106.056818, -4284490145.6726646, -4284490145.6726646, \
-1717910814.7114887, 14571381251.729485, 
          6002400960.3841534}, {-1717910814.7114887, -4284490145.6726646, \
-4284490145.6726646, -10286891106.056818, 6002400960.3841534, 
          14571381251.729485}}], "  ", 0.0],
      Editable->False]], "Print"],

Cell[BoxData[
    InterpretationBox[\("MatrixForm[Kz]"\[InvisibleSpace]"  \
"\[InvisibleSpace]0.`\),
      SequenceForm[ "MatrixForm[Kz]", "  ", 0.0],
      Editable->False]], "Print"],

Cell[BoxData[
    InterpretationBox[\({6.`, 6.`, 
          9.`}\[InvisibleSpace]"  "\[InvisibleSpace]{3.`, 0.`, 
          0.`}\[InvisibleSpace]"  "\[InvisibleSpace]4.5`\),
      SequenceForm[ {6.0, 6.0, 9.0}, "  ", {3.0, 0.0, 0.0}, "  ", 4.5],
      Editable->False]], "Print"],

Cell[BoxData[
    InterpretationBox[\({0.`, 
          27.`, \(-18.`\)}\[InvisibleSpace]"  "\[InvisibleSpace]{0.`, \
\(-3.`\), 3.`}\[InvisibleSpace]"  "\[InvisibleSpace]{3.`, \(-3.`\), 0.`}\),
      SequenceForm[ {0.0, 27.0, -18.0}, "  ", {0.0, -3.0, 3.0}, "  ", {
        3.0, -3.0, 0.0}],
      Editable->False]], "Print"],

Cell[BoxData[
    TagBox[
      RowBox[{"(", "\[NoBreak]", GridBox[{
            {"0.`", "0", \(-3.`\), "0", "3.`", "0"},
            {"0", "3.`", "0", \(-3.`\), "0", "0.`"},
            {"3.`", "0.`", \(-3.`\), \(-3.`\), "0.`", "3.`"}
            }], "\[NoBreak]", ")"}],
      Function[ BoxForm`e$, 
        MatrixForm[ BoxForm`e$]]]], "Print"],

Cell[BoxData[
    InterpretationBox[
      RowBox[{
        TagBox[
          RowBox[{"(", "\[NoBreak]", GridBox[{
                {"4.2844901456726646`*^9", 
                  "0.`", \(-4.2844901456726646`*^9\), \
\(-4.2844901456726646`*^9\), "0.`", "4.2844901456726646`*^9"},
                {"0.`", 
                  "1.0286891106056818`*^10", \(-1.7179108147114887`*^9\), \
\(-1.0286891106056818`*^10\), "1.7179108147114887`*^9", "0.`"},
                {\(-4.2844901456726646`*^9\), \(-1.7179108147114887`*^9\), 
                  "1.4571381251729485`*^10", 
                  "6.002400960384153`*^9", \(-1.0286891106056818`*^10\), \
\(-4.2844901456726646`*^9\)},
                {\(-4.2844901456726646`*^9\), \(-1.0286891106056818`*^10\), 
                  "6.002400960384153`*^9", 
                  "1.4571381251729485`*^10", \(-1.7179108147114887`*^9\), \
\(-4.2844901456726646`*^9\)},
                {"0.`", 
                  "1.7179108147114887`*^9", \(-1.0286891106056818`*^10\), \
\(-1.7179108147114887`*^9\), "1.0286891106056818`*^10", "0.`"},
                {"4.2844901456726646`*^9", 
                  "0.`", \(-4.2844901456726646`*^9\), \
\(-4.2844901456726646`*^9\), "0.`", "4.2844901456726646`*^9"}
                }], "\[NoBreak]", ")"}],
          Function[ BoxForm`e$, 
            MatrixForm[ BoxForm`e$]]], "\[InvisibleSpace]", "\<\"  \"\>", 
        "\[InvisibleSpace]", "0.`"}],
      SequenceForm[ 
        MatrixForm[ {{4284490145.6726646, 
          0.0, -4284490145.6726646, -4284490145.6726646, 0.0, 
          4284490145.6726646}, {0.0, 
          10286891106.056818, -1717910814.7114887, -10286891106.056818, 
          1717910814.7114887, 0.0}, {-4284490145.6726646, -1717910814.7114887,
           14571381251.729485, 
          6002400960.3841534, -10286891106.056818, -4284490145.6726646}, \
{-4284490145.6726646, -10286891106.056818, 6002400960.3841534, 
          14571381251.729485, -1717910814.7114887, -4284490145.6726646}, {0.0,
           1717910814.7114887, -10286891106.056818, -1717910814.7114887, 
          10286891106.056818, 0.0}, {4284490145.6726646, 
          0.0, -4284490145.6726646, -4284490145.6726646, 0.0, 
          4284490145.6726646}}], "  ", 0.0],
      Editable->False]], "Print"],

Cell[BoxData[
    InterpretationBox[\("MatrixForm[Kz]"\[InvisibleSpace]"  \
"\[InvisibleSpace]0.`\),
      SequenceForm[ "MatrixForm[Kz]", "  ", 0.0],
      Editable->False]], "Print"],

Cell[BoxData[
    InterpretationBox[\({3.`, 6.`, 
          6.`}\[InvisibleSpace]"  "\[InvisibleSpace]{3.`, 0.`, 
          3.`}\[InvisibleSpace]"  "\[InvisibleSpace]4.5`\),
      SequenceForm[ {3.0, 6.0, 6.0}, "  ", {3.0, 0.0, 3.0}, "  ", 4.5],
      Editable->False]], "Print"],

Cell[BoxData[
    InterpretationBox[\({18.`, 
          9.`, \(-18.`\)}\[InvisibleSpace]"  "\[InvisibleSpace]{\(-3.`\), 
          0.`, 3.`}\[InvisibleSpace]"  "\[InvisibleSpace]{0.`, \(-3.`\), 
          3.`}\),
      SequenceForm[ {18.0, 9.0, -18.0}, "  ", {-3.0, 0.0, 3.0}, "  ", {
        0.0, -3.0, 3.0}],
      Editable->False]], "Print"],

Cell[BoxData[
    TagBox[
      RowBox[{"(", "\[NoBreak]", GridBox[{
            {\(-3.`\), "0", "0.`", "0", "3.`", "0"},
            {"0", "0.`", "0", \(-3.`\), "0", "3.`"},
            {"0.`", \(-3.`\), \(-3.`\), "0.`", "3.`", "3.`"}
            }], "\[NoBreak]", ")"}],
      Function[ BoxForm`e$, 
        MatrixForm[ BoxForm`e$]]]], "Print"],

Cell[BoxData[
    InterpretationBox[
      RowBox[{
        TagBox[
          RowBox[{"(", "\[NoBreak]", GridBox[{
                {"1.0286891106056818`*^10", "0.`", "0.`", 
                  "1.7179108147114887`*^9", \(-1.0286891106056818`*^10\), \
\(-1.7179108147114887`*^9\)},
                {"0.`", "4.2844901456726646`*^9", "4.2844901456726646`*^9", 
                  "0.`", \(-4.2844901456726646`*^9\), \
\(-4.2844901456726646`*^9\)},
                {"0.`", "4.2844901456726646`*^9", "4.2844901456726646`*^9", 
                  "0.`", \(-4.2844901456726646`*^9\), \
\(-4.2844901456726646`*^9\)},
                {"1.7179108147114887`*^9", "0.`", "0.`", 
                  "1.0286891106056818`*^10", \(-1.7179108147114887`*^9\), \
\(-1.0286891106056818`*^10\)},
                {\(-1.0286891106056818`*^10\), \(-4.2844901456726646`*^9\), \
\(-4.2844901456726646`*^9\), \(-1.7179108147114887`*^9\), 
                  "1.4571381251729485`*^10", "6.002400960384153`*^9"},
                {\(-1.7179108147114887`*^9\), \(-4.2844901456726646`*^9\), \
\(-4.2844901456726646`*^9\), \(-1.0286891106056818`*^10\), 
                  "6.002400960384153`*^9", "1.4571381251729485`*^10"}
                }], "\[NoBreak]", ")"}],
          Function[ BoxForm`e$, 
            MatrixForm[ BoxForm`e$]]], "\[InvisibleSpace]", "\<\"  \"\>", 
        "\[InvisibleSpace]", "0.`"}],
      SequenceForm[ 
        MatrixForm[ {{10286891106.056818, 0.0, 0.0, 
          1717910814.7114887, -10286891106.056818, -1717910814.7114887}, {0.0,
           4284490145.6726646, 4284490145.6726646, 
          0.0, -4284490145.6726646, -4284490145.6726646}, {0.0, 
          4284490145.6726646, 4284490145.6726646, 
          0.0, -4284490145.6726646, -4284490145.6726646}, {1717910814.7114887,
           0.0, 0.0, 
          10286891106.056818, -1717910814.7114887, -10286891106.056818}, \
{-10286891106.056818, -4284490145.6726646, -4284490145.6726646, \
-1717910814.7114887, 14571381251.729485, 
          6002400960.3841534}, {-1717910814.7114887, -4284490145.6726646, \
-4284490145.6726646, -10286891106.056818, 6002400960.3841534, 
          14571381251.729485}}], "  ", 0.0],
      Editable->False]], "Print"],

Cell[BoxData[
    InterpretationBox[\("MatrixForm[Kz]"\[InvisibleSpace]"  \
"\[InvisibleSpace]0.`\),
      SequenceForm[ "MatrixForm[Kz]", "  ", 0.0],
      Editable->False]], "Print"],

Cell[BoxData[
    InterpretationBox[\({3.`, 3.`, 
          6.`}\[InvisibleSpace]"  "\[InvisibleSpace]{3.`, 0.`, 
          0.`}\[InvisibleSpace]"  "\[InvisibleSpace]4.5`\),
      SequenceForm[ {3.0, 3.0, 6.0}, "  ", {3.0, 0.0, 0.0}, "  ", 4.5],
      Editable->False]], "Print"],

Cell[BoxData[
    InterpretationBox[\({0.`, 
          18.`, \(-9.`\)}\[InvisibleSpace]"  "\[InvisibleSpace]{0.`, \
\(-3.`\), 3.`}\[InvisibleSpace]"  "\[InvisibleSpace]{3.`, \(-3.`\), 0.`}\),
      SequenceForm[ {0.0, 18.0, -9.0}, "  ", {0.0, -3.0, 3.0}, "  ", {
        3.0, -3.0, 0.0}],
      Editable->False]], "Print"],

Cell[BoxData[
    TagBox[
      RowBox[{"(", "\[NoBreak]", GridBox[{
            {"0.`", "0", \(-3.`\), "0", "3.`", "0"},
            {"0", "3.`", "0", \(-3.`\), "0", "0.`"},
            {"3.`", "0.`", \(-3.`\), \(-3.`\), "0.`", "3.`"}
            }], "\[NoBreak]", ")"}],
      Function[ BoxForm`e$, 
        MatrixForm[ BoxForm`e$]]]], "Print"],

Cell[BoxData[
    InterpretationBox[
      RowBox[{
        TagBox[
          RowBox[{"(", "\[NoBreak]", GridBox[{
                {"4.2844901456726646`*^9", 
                  "0.`", \(-4.2844901456726646`*^9\), \
\(-4.2844901456726646`*^9\), "0.`", "4.2844901456726646`*^9"},
                {"0.`", 
                  "1.0286891106056818`*^10", \(-1.7179108147114887`*^9\), \
\(-1.0286891106056818`*^10\), "1.7179108147114887`*^9", "0.`"},
                {\(-4.2844901456726646`*^9\), \(-1.7179108147114887`*^9\), 
                  "1.4571381251729485`*^10", 
                  "6.002400960384153`*^9", \(-1.0286891106056818`*^10\), \
\(-4.2844901456726646`*^9\)},
                {\(-4.2844901456726646`*^9\), \(-1.0286891106056818`*^10\), 
                  "6.002400960384153`*^9", 
                  "1.4571381251729485`*^10", \(-1.7179108147114887`*^9\), \
\(-4.2844901456726646`*^9\)},
                {"0.`", 
                  "1.7179108147114887`*^9", \(-1.0286891106056818`*^10\), \
\(-1.7179108147114887`*^9\), "1.0286891106056818`*^10", "0.`"},
                {"4.2844901456726646`*^9", 
                  "0.`", \(-4.2844901456726646`*^9\), \
\(-4.2844901456726646`*^9\), "0.`", "4.2844901456726646`*^9"}
                }], "\[NoBreak]", ")"}],
          Function[ BoxForm`e$, 
            MatrixForm[ BoxForm`e$]]], "\[InvisibleSpace]", "\<\"  \"\>", 
        "\[InvisibleSpace]", "0.`"}],
      SequenceForm[ 
        MatrixForm[ {{4284490145.6726646, 
          0.0, -4284490145.6726646, -4284490145.6726646, 0.0, 
          4284490145.6726646}, {0.0, 
          10286891106.056818, -1717910814.7114887, -10286891106.056818, 
          1717910814.7114887, 0.0}, {-4284490145.6726646, -1717910814.7114887,
           14571381251.729485, 
          6002400960.3841534, -10286891106.056818, -4284490145.6726646}, \
{-4284490145.6726646, -10286891106.056818, 6002400960.3841534, 
          14571381251.729485, -1717910814.7114887, -4284490145.6726646}, {0.0,
           1717910814.7114887, -10286891106.056818, -1717910814.7114887, 
          10286891106.056818, 0.0}, {4284490145.6726646, 
          0.0, -4284490145.6726646, -4284490145.6726646, 0.0, 
          4284490145.6726646}}], "  ", 0.0],
      Editable->False]], "Print"],

Cell[BoxData[
    InterpretationBox[\("MatrixForm[Kz]"\[InvisibleSpace]"  \
"\[InvisibleSpace]0.`\),
      SequenceForm[ "MatrixForm[Kz]", "  ", 0.0],
      Editable->False]], "Print"],

Cell[BoxData[
    InterpretationBox[\({0.`, 3.`, 
          3.`}\[InvisibleSpace]"  "\[InvisibleSpace]{3.`, 0.`, 
          3.`}\[InvisibleSpace]"  "\[InvisibleSpace]4.499999999999999`\),
      SequenceForm[ {0.0, 3.0, 3.0}, "  ", {3.0, 0.0, 3.0}, "  ", 
        4.4999999999999991],
      Editable->False]], "Print"],

Cell[BoxData[
    InterpretationBox[\({9.`, 
          9.`, \(-9.`\)}\[InvisibleSpace]"  "\[InvisibleSpace]{\(-3.`\), 0.`, 
          3.`}\[InvisibleSpace]"  "\[InvisibleSpace]{0.`, \(-3.`\), 3.`}\),
      SequenceForm[ {9.0, 9.0, -9.0}, "  ", {-3.0, 0.0, 3.0}, "  ", {
        0.0, -3.0, 3.0}],
      Editable->False]], "Print"],

Cell[BoxData[
    TagBox[
      RowBox[{"(", "\[NoBreak]", GridBox[{
            {\(-3.`\), "0", "0.`", "0", "3.`", "0"},
            {"0", "0.`", "0", \(-3.`\), "0", "3.`"},
            {"0.`", \(-3.`\), \(-3.`\), "0.`", "3.`", "3.`"}
            }], "\[NoBreak]", ")"}],
      Function[ BoxForm`e$, 
        MatrixForm[ BoxForm`e$]]]], "Print"],

Cell[BoxData[
    InterpretationBox[
      RowBox[{
        TagBox[
          RowBox[{"(", "\[NoBreak]", GridBox[{
                {"1.028689110605682`*^10", "0.`", "0.`", 
                  "1.717910814711489`*^9", \(-1.028689110605682`*^10\), \
\(-1.717910814711489`*^9\)},
                {"0.`", "4.284490145672665`*^9", "4.284490145672665`*^9", 
                  "0.`", \(-4.284490145672665`*^9\), \(-4.284490145672665`*^9\
\)},
                {"0.`", "4.284490145672665`*^9", "4.284490145672665`*^9", 
                  "0.`", \(-4.284490145672665`*^9\), \(-4.284490145672665`*^9\
\)},
                {"1.717910814711489`*^9", "0.`", "0.`", 
                  "1.028689110605682`*^10", \(-1.717910814711489`*^9\), \
\(-1.028689110605682`*^10\)},
                {\(-1.028689110605682`*^10\), \(-4.284490145672665`*^9\), \
\(-4.284490145672665`*^9\), \(-1.717910814711489`*^9\), 
                  "1.4571381251729486`*^10", "6.002400960384154`*^9"},
                {\(-1.717910814711489`*^9\), \(-4.284490145672665`*^9\), \
\(-4.284490145672665`*^9\), \(-1.028689110605682`*^10\), 
                  "6.002400960384154`*^9", "1.4571381251729486`*^10"}
                }], "\[NoBreak]", ")"}],
          Function[ BoxForm`e$, 
            MatrixForm[ BoxForm`e$]]], "\[InvisibleSpace]", "\<\"  \"\>", 
        "\[InvisibleSpace]", "0.`"}],
      SequenceForm[ 
        MatrixForm[ {{10286891106.05682, 0.0, 0.0, 
          1717910814.711489, -10286891106.05682, -1717910814.711489}, {0.0, 
          4284490145.6726651, 4284490145.6726651, 
          0.0, -4284490145.6726651, -4284490145.6726651}, {0.0, 
          4284490145.6726651, 4284490145.6726651, 
          0.0, -4284490145.6726651, -4284490145.6726651}, {1717910814.711489, 
          0.0, 0.0, 
          10286891106.05682, -1717910814.711489, -10286891106.05682}, \
{-10286891106.05682, -4284490145.6726651, -4284490145.6726651, \
-1717910814.711489, 14571381251.729486, 
          6002400960.3841543}, {-1717910814.711489, -4284490145.6726651, \
-4284490145.6726651, -10286891106.05682, 6002400960.3841543, 
          14571381251.729486}}], "  ", 0.0],
      Editable->False]], "Print"],

Cell[BoxData[
    InterpretationBox[\("MatrixForm[Kz]"\[InvisibleSpace]"  \
"\[InvisibleSpace]0.`\),
      SequenceForm[ "MatrixForm[Kz]", "  ", 0.0],
      Editable->False]], "Print"],

Cell[BoxData[
    InterpretationBox[\({0.`, 0.`, 
          3.`}\[InvisibleSpace]"  "\[InvisibleSpace]{3.`, 0.`, 
          0.`}\[InvisibleSpace]"  "\[InvisibleSpace]4.5`\),
      SequenceForm[ {0.0, 0.0, 3.0}, "  ", {3.0, 0.0, 0.0}, "  ", 4.5],
      Editable->False]], "Print"],

Cell[BoxData[
    InterpretationBox[\({0.`, 9.`, 
          0.`}\[InvisibleSpace]"  "\[InvisibleSpace]{0.`, \(-3.`\), 
          3.`}\[InvisibleSpace]"  "\[InvisibleSpace]{3.`, \(-3.`\), 0.`}\),
      SequenceForm[ {0.0, 9.0, 0.0}, "  ", {0.0, -3.0, 3.0}, "  ", {3.0, -3.0,
         0.0}],
      Editable->False]], "Print"],

Cell[BoxData[
    TagBox[
      RowBox[{"(", "\[NoBreak]", GridBox[{
            {"0.`", "0", \(-3.`\), "0", "3.`", "0"},
            {"0", "3.`", "0", \(-3.`\), "0", "0.`"},
            {"3.`", "0.`", \(-3.`\), \(-3.`\), "0.`", "3.`"}
            }], "\[NoBreak]", ")"}],
      Function[ BoxForm`e$, 
        MatrixForm[ BoxForm`e$]]]], "Print"],

Cell[BoxData[
    InterpretationBox[
      RowBox[{
        TagBox[
          RowBox[{"(", "\[NoBreak]", GridBox[{
                {"4.2844901456726646`*^9", 
                  "0.`", \(-4.2844901456726646`*^9\), \
\(-4.2844901456726646`*^9\), "0.`", "4.2844901456726646`*^9"},
                {"0.`", 
                  "1.0286891106056818`*^10", \(-1.7179108147114887`*^9\), \
\(-1.0286891106056818`*^10\), "1.7179108147114887`*^9", "0.`"},
                {\(-4.2844901456726646`*^9\), \(-1.7179108147114887`*^9\), 
                  "1.4571381251729485`*^10", 
                  "6.002400960384153`*^9", \(-1.0286891106056818`*^10\), \
\(-4.2844901456726646`*^9\)},
                {\(-4.2844901456726646`*^9\), \(-1.0286891106056818`*^10\), 
                  "6.002400960384153`*^9", 
                  "1.4571381251729485`*^10", \(-1.7179108147114887`*^9\), \
\(-4.2844901456726646`*^9\)},
                {"0.`", 
                  "1.7179108147114887`*^9", \(-1.0286891106056818`*^10\), \
\(-1.7179108147114887`*^9\), "1.0286891106056818`*^10", "0.`"},
                {"4.2844901456726646`*^9", 
                  "0.`", \(-4.2844901456726646`*^9\), \
\(-4.2844901456726646`*^9\), "0.`", "4.2844901456726646`*^9"}
                }], "\[NoBreak]", ")"}],
          Function[ BoxForm`e$, 
            MatrixForm[ BoxForm`e$]]], "\[InvisibleSpace]", "\<\"  \"\>", 
        "\[InvisibleSpace]", "0.`"}],
      SequenceForm[ 
        MatrixForm[ {{4284490145.6726646, 
          0.0, -4284490145.6726646, -4284490145.6726646, 0.0, 
          4284490145.6726646}, {0.0, 
          10286891106.056818, -1717910814.7114887, -10286891106.056818, 
          1717910814.7114887, 0.0}, {-4284490145.6726646, -1717910814.7114887,
           14571381251.729485, 
          6002400960.3841534, -10286891106.056818, -4284490145.6726646}, \
{-4284490145.6726646, -10286891106.056818, 6002400960.3841534, 
          14571381251.729485, -1717910814.7114887, -4284490145.6726646}, {0.0,
           1717910814.7114887, -10286891106.056818, -1717910814.7114887, 
          10286891106.056818, 0.0}, {4284490145.6726646, 
          0.0, -4284490145.6726646, -4284490145.6726646, 0.0, 
          4284490145.6726646}}], "  ", 0.0],
      Editable->False]], "Print"],

Cell[BoxData[
    InterpretationBox[\("MatrixForm[Kz]"\[InvisibleSpace]"  \
"\[InvisibleSpace]2.2423946814126135`*^116\),
      SequenceForm[ "MatrixForm[Kz]", "  ", .22423946814126135*^117],
      Editable->False]], "Print"]
}, Open  ]],

Cell[CellGroupData[{

Cell[BoxData[
    \(MatrixForm[Kz]\)], "Input"],

Cell[BoxData[
    TagBox[
      RowBox[{"(", "\[NoBreak]", GridBox[{
            {"1.4571381251729485`*^10", "6.002400960384153`*^9", "0", 
              "0", \(-1.0286891106056818`*^10\), \(-4.2844901456726646`*^9\), 
              "0", "0", "0", 
              "0", \(-4.2844901456726646`*^9\), \(-1.7179108147114887`*^9\), 
              "0", "0", "0", "0"},
            {"6.002400960384153`*^9", "1.4571381251729485`*^10", "0", 
              "0", \(-1.7179108147114887`*^9\), \(-4.2844901456726646`*^9\), 
              "0", "0", "0", 
              "0", \(-4.2844901456726646`*^9\), \(-1.0286891106056818`*^10\), 
              "0", "0", "0", "0"},
            {"0", "0", "1.4571381251729483`*^10", "0.`", "0", 
              "0", \(-1.0286891106056818`*^10\), \(-1.7179108147114887`*^9\), \
\(-4.2844901456726646`*^9\), \(-4.2844901456726646`*^9\), "0", "0", "0.`", 
              "6.002400960384153`*^9", "0", "0"},
            {"0", "0", "0.`", "1.4571381251729483`*^10", "0", 
              "0", \(-4.2844901456726646`*^9\), \(-4.2844901456726646`*^9\), \
\(-1.7179108147114887`*^9\), \(-1.0286891106056818`*^10\), "0", "0", 
              "6.002400960384153`*^9", "0.`", "0", "0"},
            {\(-1.0286891106056818`*^10\), \(-1.7179108147114887`*^9\), "0", 
              "0", "2.914276250345897`*^10", 
              "6.002400960384153`*^9", \(-1.0286891106056818`*^10\), \
\(-4.2844901456726646`*^9\), "0", "0", "0.`", "6.002400960384153`*^9", "0", 
              "0", \(-8.568980291345329`*^9\), \(-6.002400960384153`*^9\)},
            {\(-4.2844901456726646`*^9\), \(-4.2844901456726646`*^9\), "0", 
              "0", "6.002400960384153`*^9", 
              "2.914276250345897`*^10", \(-1.7179108147114887`*^9\), \
\(-4.2844901456726646`*^9\), "0", "0", "6.002400960384153`*^9", "0.`", "0", 
              "0", \(-6.002400960384153`*^9\), \(-2.057378221211364`*^10\)},
            {"0", 
              "0", \(-1.0286891106056818`*^10\), \(-4.2844901456726646`*^9\), \
\(-1.0286891106056818`*^10\), \(-1.7179108147114887`*^9\), 
              "2.914276250345897`*^10", "6.002400960384153`*^9", "0", "0", 
              "0", "0", \(-8.568980291345329`*^9\), \
\(-6.002400960384153`*^9\), "0.`", "6.002400960384153`*^9"},
            {"0", 
              "0", \(-1.7179108147114887`*^9\), \(-4.2844901456726646`*^9\), \
\(-4.2844901456726646`*^9\), \(-4.2844901456726646`*^9\), 
              "6.002400960384153`*^9", "2.9142762503458965`*^10", "0", "0", 
              "0", "0", \(-6.002400960384153`*^9\), \
\(-2.0573782212113636`*^10\), "6.002400960384153`*^9", "0.`"},
            {"0", 
              "0", \(-4.2844901456726646`*^9\), \(-1.7179108147114887`*^9\), 
              "0", "0", "0", "0", "1.4571381251729485`*^10", 
              "6.002400960384153`*^9", "0", 
              "0", \(-1.0286891106056818`*^10\), \(-4.2844901456726646`*^9\), 
              "0", "0"},
            {"0", 
              "0", \(-4.2844901456726646`*^9\), \(-1.0286891106056818`*^10\), 
              "0", "0", "0", "0", "6.002400960384153`*^9", 
              "1.4571381251729485`*^10", "0", 
              "0", \(-1.7179108147114887`*^9\), \(-4.2844901456726646`*^9\), 
              "0", "0"},
            {\(-4.2844901456726646`*^9\), \(-4.2844901456726646`*^9\), "0", 
              "0", "0.`", "6.002400960384153`*^9", "0", "0", "0", "0", 
              "1.4571381251729485`*^10", "0.`", "0", 
              "0", \(-1.028689110605682`*^10\), \(-1.717910814711489`*^9\)},
